12431
234124
3214
1414
456
7457
37
456745
67
2
41
24
7657562
41
1
34
1
457
437
634
51
257
567
21
65
134
74
57
134
561
436
425
71
346
134
6134
6
12431
234124
3214
1414
456
7457
37
456745
67
2
41
24
7657562
41
1
34
1
457
437
634
51
257
567
21
65
134
74
57
134
561
436
425
71
346
134
6134
6
12431
234124
3214
1414
456
7457
37
456745
67
2
41
24
7657562
41
1
34
1
457
437
634
51
257
567
21
65
134
74
57
134
561
436
425
71
346
134
6134
6
12431
234124
3214
1414
456
7457
37
456745
67
2
41
24
7657562
41
1
34
1
457
437
634
51
257
567
21
65
134
74
57
134
561
436
425
71
346
134
6134
6
q
q